13 0 13 0 0 
0 0 0 0 0 
0 0 0 0 0 
0 0 0 0 0 
0 0 0 0 0 
Row № 0 sum is 26 
Column № 0 sum is 13 

13 0 13 0 0 
0 0 0 0 0 
0 0 0 0 0 
0 0 0 0 0 
0 21 0 0 21 
Row № 4 sum is 42 
Column № 4 sum is 21 

13 0 13 0 0 
0 0 0 0 0 
0 0 0 0 0 
0 20 0 0 20 
0 21 0 0 21 
Row № 3 sum is 40 
Column № 4 sum is 41 

13 0 13 0 0 
0 0 0 0 0 
0 0 0 0 0 
0 20 0 0 20 
20 21 0 20 21 
Row № 4 sum is 82 
Column № 3 sum is 20 

13 0 13 0 0 
0 0 0 0 0 
0 0 19 0 19 
0 20 0 0 20 
20 21 0 20 21 
Row № 2 sum is 38 
Column № 4 sum is 60 

13 0 13 0 0 
0 0 0 0 0 
0 0 19 0 19 
19 20 0 19 20 
20 21 0 20 21 
Row № 3 sum is 78 
Column № 3 sum is 39 

13 0 13 0 0 
0 0 0 0 0 
0 0 19 0 19 
19 20 0 19 20 
20 21 19 19 21 
Row № 4 sum is 100 
Column № 2 sum is 51 

13 0 13 0 0 
0 0 18 0 18 
0 0 19 0 19 
19 20 0 19 20 
20 21 19 19 21 
Row № 1 sum is 36 
Column № 4 sum is 78 

13 0 13 0 0 
0 0 18 0 18 
0 18 19 18 19 
19 20 0 19 20 
20 21 19 19 21 
Row № 2 sum is 74 
Column № 3 sum is 56 

13 0 13 0 0 
0 0 18 0 18 
0 18 19 18 19 
19 20 18 19 20 
20 21 19 19 21 
Row № 3 sum is 96 
Column № 2 sum is 87 

13 0 13 0 0 
0 0 18 0 18 
0 18 19 18 19 
19 20 18 19 20 
20 18 19 19 21 
Row № 4 sum is 97 
Column № 1 sum is 56 

13 0 13 17 17 
0 0 18 0 18 
0 18 19 18 19 
19 20 18 19 20 
20 18 19 19 21 
Row № 0 sum is 60 
Column № 4 sum is 95 

13 0 13 17 17 
17 0 18 17 18 
0 18 19 18 19 
19 20 18 19 20 
20 18 19 19 21 
Row № 1 sum is 70 
Column № 3 sum is 90 

13 0 13 17 17 
17 0 18 17 18 
0 18 17 18 19 
19 20 18 19 20 
20 18 19 19 21 
Row № 2 sum is 72 
Column № 2 sum is 85 

13 0 13 17 17 
17 0 18 17 18 
0 18 17 18 19 
19 17 18 17 20 
20 18 19 19 21 
Row № 3 sum is 91 
Column № 1 sum is 53 

13 0 13 17 17 
17 0 18 17 18 
0 18 17 18 19 
19 17 18 17 20 
17 18 19 19 21 
Row № 4 sum is 94 
Column № 0 sum is 66 

13 0 13 16 17 
17 0 18 17 18 
0 18 17 18 19 
19 17 18 17 20 
17 18 19 19 21 
Row № 0 sum is 59 
Column № 3 sum is 87 

13 0 13 16 17 
16 0 16 17 18 
0 18 17 18 19 
19 17 18 17 20 
17 18 19 19 21 
Row № 1 sum is 67 
Column № 2 sum is 83 

13 0 13 16 17 
16 0 16 17 18 
16 16 17 18 19 
19 17 18 17 20 
17 18 19 19 21 
Row № 2 sum is 86 
Column № 1 sum is 51 

13 0 13 16 17 
16 0 16 17 18 
16 16 17 18 19 
16 16 18 17 20 
17 18 19 19 21 
Row № 3 sum is 87 
Column № 0 sum is 78 

13 0 15 15 17 
16 0 16 17 18 
16 16 17 18 19 
16 16 18 17 20 
17 18 19 19 21 
Row № 0 sum is 60 
Column № 2 sum is 85 

13 0 15 15 17 
16 15 15 17 18 
16 16 17 18 19 
16 16 18 17 20 
17 18 19 19 21 
Row № 1 sum is 81 
Column № 1 sum is 65 

13 0 15 15 17 
16 15 15 17 18 
15 16 17 15 19 
16 16 18 17 20 
17 18 19 19 21 
Row № 2 sum is 82 
Column № 0 sum is 77 

13 14 15 14 17 
16 15 15 17 18 
15 16 17 15 19 
16 16 18 17 20 
17 18 19 19 21 
Row № 0 sum is 73 
Column № 1 sum is 79 

13 14 15 14 17 
14 15 14 17 18 
15 16 17 15 19 
16 16 18 17 20 
17 18 19 19 21 
Row № 1 sum is 78 
Column № 0 sum is 75 

